1000 9916
660 3
453 779
833 593
117 787
126 523
30 686
108 698
790 912
937 444
721 277
8 456
45 704
543 980
281 727
159 991
682 986
610 519
826 568
389 838
692 33
730 156
531 101
736 977
53 489
507 776
226 911
9 883
485 894
967 46
327 143
972 320
919 331
43 604
190 669
912 411
490 699
416 714
238 649
390 814
155 215
207 235
961 787
835 998
395 981
839 790
250 468
349 6
888 712
136 567
926 942
504 209
966 415
126 328
258 502
599 192
746 829
519 715
97 288
408 181
779 358
668 482
849 478
816 475
814 876
600 568
512 682
620 587
510 423
411 843
724 601
820 664
654 900
310 846
890 996
724 712
263 444
820 527
494 10
333 440
242 304
943 953
158 317
553 797
668 308
20 326
903 338
529 797
460 61
415 878
618 745
967 974
696 912
274 185
77 772
26 822
985 572
322 173
858 11
548 835
754 104
354 378
872 227
804 840
493 869
166 85
630 430
265 258
8 115
502 989
255 703
420 960
810 200
938 901
840 907
674 651
269 165
329 394
528 825
645 282
473 167
729 169
838 261
985 215
269 54
707 60
143 621
978 121
555 855
886 17
768 738
239 873
349 249
637 774
226 825
857 230
24 997
390 564
852 391
909 200
287 180
222 271
733 388
75 550
563 887
515 967
16 136
568 933
310 494
3 402
120 44
374 993
68 180
768 514
328 25
127 747
993 860
979 858
141 657
860 47
366 928
383 962
439 940
150 417
67 261
855 356
489 10
361 224
163 822
257 301
314 182
464 247
747 564
492 669
681 838
497 881
195 920
176 266
927 969
217 594
200 384
474 35
147 379
76 307
31 138
11 472
863 604
898 880
591 749
80 69
322 30
237 145
40 723
402 998
955 766
445 836
284 454
505 138
694 665
623 301
259 640
855 910
513 585
218 497
626 466
679 348
777 428
778 639
456 760
639 680
251 379
144 607
326 363
218 608
350 125
890 908
969 824
672 69
86 427
325 890
697 758
292 318
307 483
701 198
751 370
283 469
622 696
92 579
59 394
870 598
429 788
458 93
640 769
210 487
364 367
221 402
313 991
799 495
321 548
698 670
850 865
311 129
115 512
701 793
426 957
27 758
121 151
359 181
993 91
63 689
72 860
179 672
201 184
5 627
701 763
408 382
185 227
196 485
125 457
134 323
663 675
775 933
465 396
194 706
671 84
824 821
589 196
550 851
868 518
301 943
547 43
840 63
287 748
381 129
220 257
556 171
59 645
405 881
320 899
742 186
889 726
489 288
493 344
77 25
423 109
392 415
730 837
267 961
343 186
953 226
688 337
66 349
789 701
516 366
205 462
855 844
837 833
696 811
933 514
347 477
190 53
997 395
817 797
568 229
478 465
489 892
218 290
554 472
437 408
388 24
248 801
100 770
943 334
179 437
793 714
437 629
424 332
726 933
887 402
908 565
359 277
878 595
41 86
978 945
227 383
792 937
558 956
196 517
552 245
918 441
164 251
554 943
558 815
64 447
568 639
474 786
582 552
113 31
710 949
16 65
624 310
720 949
987 577
879 599
435 806
695 33
242 651
609 747
399 892
284 932
49 233
196 104
244 380
444 782
368 844
55 676
815 898
253 363
779 402
506 329
6 507
707 154
302 930
622 363
145 961
510 757
522 109
741 103
464 477
321 356
285 193
693 196
52 252
604 929
290 697
203 888
872 121
502 724
711 480
34 690
471 619
238 850
315 415
18 222
994 679
929 101
736 978
293 441
259 361
965 631
213 78
221 647
782 966
839 243
60 250
814 471
83 331
304 684
514 531
71 282
703 256
631 738
373 685
193 392
659 793
802 366
586 417
291 775
398 745
222 813
315 157
153 810
406 52
905 763
880 861
473 729
333 997
259 382
674 275
648 144
426 772
542 750
301 68
763 889
983 552
569 844
438 103
385 105
370 617
757 331
266 828
915 681
722 101
797 597
599 745
105 125
604 65
287 791
110 398
993 990
851 488
465 101
546 326
675 182
409 781
822 59
954 995
208 257
6 84
264 563
786 744
950 415
693 613
369 274
521 621
594 333
105 296
53 8
327 665
110 91
935 94
313 187
276 809
795 715
371 621
212 943
963 913
713 169
751 982
612 392
820 376
428 691
88 740
209 771
132 191
170 502
762 620
583 654
565 143
394 1
678 870
420 626
277 983
189 171
355 159
390 39
65 467
209 710
782 51
861 522
308 702
537 876
305 509
820 273
329 282
240 939
100 655
193 507
527 906
473 921
406 450
131 957
648 273
579 332
781 43
843 510
790 219
316 342
980 189
174 108
140 4
969 420
788 1000
718 617
442 300
814 60
282 469
529 828
801 951
14 263
111 640
24 644
253 47
542 714
887 783
836 803
451 794
28 919
864 43
479 642
29 288
500 687
929 481
827 270
578 904
959 261
465 65
216 889
877 636
570 100
592 756
917 241
120 486
100 299
792 914
550 259
929 195
911 471
54 300
555 265
684 179
838 464
462 513
67 179
677 822
471 717
972 886
720 231
155 564
95 482
928 500
929 45
532 254
973 284
649 446
887 250
998 689
95 903
544 307
538 602
543 943
146 115
184 322
169 146
961 414
835 613
764 325
378 248
273 552
192 844
61 558
757 941
39 546
922 658
126 596
848 534
623 125
418 492
205 812
477 7
527 603
338 335
376 358
126 310
970 920
659 361
511 376
883 518
594 943
173 48
653 230
417 659
126 16
625 695
839 624
245 686
430 976
674 797
991 849
353 709
12 916
654 803
659 887
699 118
205 449
817 199
600 753
68 79
602 101
418 138
555 599
846 122
812 62
579 349
851 416
548 448
436 858
95 551
42 689
157 721
388 965
464 99
392 384
928 562
431 609
569 320
381 482
94 741
844 234
901 257
427 637
741 66
104 25
671 427
273 540
254 707
347 431
593 75
686 812
673 83
195 755
454 620
695 678
8 484
898 964
756 944
795 544
321 185
998 861
982 54
739 811
956 597
403 335
749 106
142 40
324 843
787 181
626 503
844 92
938 971
818 549
308 711
790 583
863 119
942 642
504 618
122 25
819 245
692 877
108 20
990 910
444 118
139 704
217 436
607 131
439 269
666 755
683 691
695 838
991 780
727 990
411 276
639 306
396 64
54 620
606 73
538 297
352 268
994 183
926 944
47 297
654 451
843 390
679 788
353 918
624 311
366 652
865 51
541 964
124 966
766 365
979 883
162 743
453 292
607 583
258 306
465 350
200 29
76 688
21 17
462 445
319 284
926 268
799 6
547 121
550 892
220 375
813 230
279 846
159 109
992 375
152 126
561 92
582 700
902 55
100 483
360 112
983 56
397 949
952 340
492 629
453 777
755 137
26 929
977 135
320 654
742 897
296 248
518 502
406 828
25 643
557 530
360 814
379 26
543 434
990 558
347 568
521 163
355 21
670 348
638 212
260 32
264 35
963 611
806 31
350 171
869 629
374 61
784 569
490 534
201 729
308 731
806 884
377 504
175 53
126 541
515 712
40 232
416 66
526 456
403 807
908 824
66 695
268 95
605 450
842 52
420 98
666 326
979 245
139 458
395 804
123 955
987 654
564 654
410 299
374 616
488 711
286 414
723 105
542 751
101 389
819 570
309 584
326 542
427 921
478 869
689 26
825 862
637 676
777 952
803 110
143 951
148 313
882 345
577 877
447 335
33 655
529 514
954 113
920 129
732 289
813 202
300 419
910 796
140 564
253 413
181 160
699 815
135 371
569 271
237 905
224 636
564 534
780 722
513 976
695 456
855 14
111 257
651 878
768 130
11 592
757 215
960 954
946 709
657 638
674 820
622 102
551 30
60 603
826 368
904 209
857 343
887 596
768 416
646 449
133 274
299 566
268 575
199 17
551 380
297 25
830 141
8 196
687 780
65 962
986 401
877 142
349 106
682 396
22 997
297 170
283 459
497 867
506 240
677 183
169 480
23 5
80 709
852 163
861 811
473 538
904 764
762 144
109 727
286 613
757 155
727 887
162 591
287 182
382 240
467 796
791 230
296 820
813 362
509 356
852 496
91 841
178 291
36 197
206 173
322 927
488 946
250 689
142 772
884 48
651 369
675 119
913 325
957 813
241 520
349 605
902 477
635 728
183 299
932 588
898 556
992 319
149 358
371 810
998 453
690 906
796 699
312 316
648 694
59 601
339 320
341 959
858 203
90 113
181 934
276 974
133 963
150 995
390 381
198 747
532 255
660 948
973 508
830 508
632 611
446 485
971 262
191 190
388 38
743 794
468 788
425 115
659 101
553 682
130 621
388 437
299 530
374 202
126 891
825 282
456 835
238 613
611 461
575 366
175 124
385 19
786 435
699 814
463 817
619 967
943 565
268 257
515 271
430 12
913 973
735 778
205 811
701 934
188 223
176 575
909 153
421 591
28 679
679 960
645 816
758 859
816 510
796 700
897 787
516 547
439 236
615 87
644 617
358 452
41 404
677 345
559 636
844 414
768 671
116 226
571 66
555 569
258 625
957 817
764 593
748 233
187 965
932 529
863 783
980 773
730 720
512 259
414 231
253 325
328 868
609 725
820 394
253 310
860 450
254 625
349 835
16 467
341 851
878 170
436 121
789 699
169 578
683 400
798 811
12 996
551 81
789 556
778 319
904 233
557 721
356 406
910 387
397 340
456 784
695 839
990 877
437 627
209 764
428 922
418 130
550 245
539 324
852 773
320 158
709 924
106 739
964 907
414 160
1 885
917 847
493 589
154 285
248 624
966 148
239 136
981 313
805 235
519 941
271 772
586 26
610 388
847 465
207 54
504 39
383 800
788 929
679 996
386 333
997 597
582 241
110 313
269 512
227 270
119 860
486 181
34 298
733 236
348 142
115 173
958 723
559 528
978 583
741 306
524 767
335 545
416 505
262 930
159 503
785 844
309 390
493 425
590 41
37 919
500 535
604 157
54 303
578 608
461 348
33 445
664 73
940 270
247 508
397 517
103 969
548 810
795 527
902 993
294 617
912 865
105 765
327 106
114 373
853 238
618 805
181 545
278 453
27 199
190 817
995 531
207 470
874 689
899 431
757 68
527 944
917 980
485 471
224 501
41 193
472 826
639 209
362 271
219 650
473 686
260 756
857 720
269 834
842 132
461 730
57 176
649 764
552 497
934 719
831 865
211 444
174 304
50 962
414 355
145 990
295 548
352 230
580 310
926 734
324 116
788 667
419 280
495 237
152 189
831 583
300 13
764 554
33 654
361 9
290 23
499 256
796 101
626 918
347 91
935 378
239 89
367 148
774 188
764 102
342 338
732 302
529 815
115 340
683 387
613 78
389 116
1000 29
692 371
233 626
930 312
697 35
96 662
29 190
345 249
899 712
289 386
454 964
88 624
367 697
904 161
373 700
635 89
598 79
58 639
658 496
52 871
424 262
354 91
246 469
528 908
970 305
735 115
682 397
5 760
853 484
322 254
838 376
397 126
937 89
614 723
503 732
643 139
957 503
887 34
874 439
654 265
782 706
415 511
643 24
48 225
885 978
946 560
500 245
743 155
211 122
692 747
325 14
135 893
468 506
987 538
453 362
93 915
796 712
727 596
528 240
948 947
13 994
813 11
799 72
50 633
333 230
668 860
499 194
391 901
929 487
723 98
81 879
971 876
440 660
958 634
225 598
890 916
262 61
814 766
945 893
214 474
548 430
256 230
241 408
2 534
25 943
958 662
623 558
784 554
513 898
312 317
609 569
792 71
47 671
348 294
546 478
720 997
369 397
7 553
545 386
412 159
730 910
342 88
807 6
935 205
597 478
195 678
549 603
310 778
832 829
750 167
767 519
186 798
904 93
299 533
394 867
434 308
574 192
499 806
152 785
965 589
765 875
734 266
776 230
890 12
906 900
960 498
965 879
213 906
537 616
528 293
880 776
754 817
496 513
433 48
396 444
700 210
477 295
56 837
358 106
729 582
713 73
608 881
537 315
774 568
520 551
393 531
33 596
676 938
550 967
612 808
650 717
776 768
764 739
11 61
818 391
909 604
803 41
915 739
629 967
206 936
232 291
106 260
966 934
399 291
21 477
295 210
725 873
82 285
245 895
564 681
747 533
604 856
272 717
591 428
777 928
659 452
989 737
39 94
778 474
600 896
603 99
416 375
143 204
595 647
769 550
609 807
4 789
811 431
208 888
962 49
726 222
264 9
375 405
877 51
326 315
950 897
756 848
795 832
796 63
579 953
873 660
701 374
169 29
334 833
356 757
929 523
58 783
682 325
931 834
676 443
658 218
454 441
393 119
881 361
306 192
398 528
365 675
477 105
294 609
170 915
525 27
943 892
359 69
163 294
715 757
885 13
733 397
575 229
864 280
224 167
561 344
174 277
675 464
895 373
442 85
336 560
283 879
965 135
309 739
132 876
684 305
104 699
127 573
1000 430
885 577
776 907
7 173
340 842
882 457
137 823
266 456
841 628
56 924
42 659
538 572
225 783
65 594
68 835
731 5
399 37
189 561
139 920
9 187
655 788
582 860
76 197
683 55
133 26
527 334
364 712
644 426
664 360
451 374
325 691
142 923
678 889
977 560
22 446
30 588
588 78
290 777
455 449
682 7
505 192
105 798
87 666
843 24
863 85
316 248
812 789
134 809
377 510
229 624
36 687
922 712
482 835
750 964
417 896
773 543
956 498
412 937
714 249
58 517
844 612
560 719
960 169
45 777
234 157
123 957
325 41
109 642
404 234
280 678
550 557
594 885
335 998
672 810
508 506
825 552
334 80
538 975
922 430
64 628
882 410
537 13
6 184
229 1
68 897
950 401
310 834
348 433
741 422
803 735
362 629
518 182
629 721
337 817
551 826
624 734
494 249
975 874
579 53
855 128
967 970
694 774
471 667
19 10
208 945
63 509
545 86
104 226
886 937
238 988
854 186
624 727
91 650
919 506
540 973
619 588
287 715
995 961
615 536
301 997
126 575
970 129
629 236
151 50
429 812
305 742
838 392
714 138
142 435
870 194
671 568
619 251
758 460
70 177
642 302
311 185
704 27
693 897
140 7
680 20
440 857
610 333
331 692
796 602
920 54
148 505
75 683
847 57
580 388
980 414
987 394
183 129
955 104
888 53
29 571
931 195
461 944
851 280
121 571
638 112
73 696
383 863
586 708
525 632
783 838
747 552
567 477
686 565
449 714
565 812
181 51
309 110
975 634
752 892
698 382
720 218
207 932
760 555
178 746
623 184
934 317
459 159
63 273
928 358
691 153
489 900
66 509
916 655
747 859
234 976
381 799
790 719
545 312
919 425
265 644
319 601
341 497
567 463
329 473
290 817
153 683
481 758
468 323
9 655
925 617
340 191
674 683
972 388
22 903
65 139
933 63
60 189
723 999
139 566
302 230
801 645
400 26
329 132
490 480
814 381
801 655
763 599
628 607
349 74
650 793
287 148
219 610
435 673
537 649
205 523
67 566
908 32
984 646
99 290
674 783
900 908
957 621
376 182
125 453
261 576
53 242
768 657
67 485
231 558
949 975
417 214
101 14
513 124
468 658
555 473
973 74
263 384
450 137
198 811
750 260
561 647
309 66
185 76
232 737
557 412
81 483
264 861
686 704
191 98
48 990
525 894
532 46
399 113
833 505
51 420
750 102
899 754
844 46
792 497
818 593
217 110
808 583
593 763
777 460
925 732
952 870
551 262
613 891
57 582
83 706
869 943
448 453
731 898
717 747
795 97
32 883
325 786
588 664
179 465
386 950
841 219
249 8
303 815
306 193
897 546
738 220
792 988
939 863
210 869
545 676
842 110
398 640
438 893
168 369
791 187
351 736
28 645
583 437
197 10
129 378
595 411
392 916
819 547
767 185
699 457
817 6
727 543
414 404
722 125
660 443
988 984
779 95
599 694
965 440
290 96
458 974
646 781
993 551
958 563
6 108
155 802
375 903
769 502
128 506
57 452
828 855
25 614
621 12
871 659
964 375
198 791
364 555
237 819
972 810
590 201
648 624
276 785
649 281
208 71
815 748
945 994
222 508
820 854
659 336
18 312
647 659
572 682
124 218
252 263
15 101
419 920
919 755
748 615
61 53
200 777
41 267
848 149
995 198
647 945
502 970
433 721
645 144
443 536
761 517
703 366
501 258
619 611
361 887
753 842
415 598
899 797
423 695
62 461
726 820
378 942
827 751
907 982
467 236
676 472
622 628
936 421
679 727
957 465
282 219
67 835
536 757
219 652
519 915
614 535
761 65
762 234
447 948
675 209
54 873
96 487
296 689
163 509
946 236
987 417
609 87
681 546
44 230
29 598
531 592
694 296
181 395
310 33
332 553
405 211
431 855
286 206
676 882
384 82
868 730
493 395
864 865
2 560
663 965
745 34
142 568
522 186
824 446
113 777
829 947
544 589
262 768
907 765
414 991
950 701
510 868
556 796
170 99
579 197
835 367
397 696
143 436
755 388
686 986
925 354
967 235
385 917
658 494
622 839
880 290
751 545
610 919
740 201
674 644
312 701
758 438
61 94
210 632
523 873
565 478
731 970
959 714
841 443
866 990
526 346
175 296
692 582
89 559
736 574
345 327
573 197
904 590
407 645
712 549
128 600
519 516
465 761
250 589
569 771
884 908
810 811
167 138
309 681
880 603
75 369
202 571
556 414
110 230
438 823
923 713
339 510
927 1
36 422
168 758
618 114
157 406
431 875
31 365
347 8
883 106
779 103
389 231
985 784
905 892
612 763
808 760
211 918
767 693
751 16
55 537
719 566
378 36
177 939
677 818
768 242
72 866
5 245
320 713
428 764
964 478
638 525
154 228
717 130
114 473
591 665
207 852
152 710
890 598
88 708
160 209
126 924
159 781
554 481
540 780
317 389
88 883
806 203
406 709
958 406
317 502
504 739
363 344
271 485
899 964
701 336
151 883
133 388
669 754
58 873
535 745
807 580
585 632
793 399
511 6
95 327
478 341
904 780
679 671
580 276
957 281
706 539
870 83
658 918
199 570
174 140
326 955
590 532
438 769
776 788
975 90
400 840
828 264
393 529
563 199
396 668
73 377
827 64
441 509
149 52
297 865
818 389
140 665
768 658
42 923
578 889
893 944
290 846
845 813
426 397
262 185
67 117
506 959
640 203
659 601
950 424
592 724
774 876
267 964
627 506
39 88
711 124
318 401
739 613
920 777
484 840
103 934
255 911
91 934
422 2
961 348
786 865
894 774
12 768
38 242
588 526
545 142
602 457
786 240
208 664
743 648
598 117
854 227
782 124
765 924
930 691
45 344
109 856
147 711
832 461
26 444
446 625
182 779
421 445
973 832
889 381
908 897
960 464
891 584
892 743
476 306
576 224
739 364
579 310
596 227
54 531
291 255
230 572
45 948
338 190
671 640
253 945
549 356
93 936
791 299
624 442
932 451
129 490
168 400
315 451
978 385
24 82
444 549
448 672
451 259
15 898
297 861
665 515
732 691
92 134
516 800
370 288
427 939
599 689
508 182
882 455
600 832
604 152
487 820
324 313
347 225
534 695
919 959
385 460
613 198
891 492
894 753
114 63
812 316
690 800
911 184
218 225
589 46
402 920
294 138
521 342
594 287
545 72
359 880
217 943
901 3
613 777
687 534
651 548
779 354
677 556
344 995
937 311
874 922
48 846
359 598
929 715
558 825
181 558
937 320
153 885
373 854
528 931
852 804
735 24
810 353
701 178
706 270
725 18
448 34
985 253
473 913
112 127
711 595
937 98
355 469
856 78
486 697
664 446
270 303
576 861
979 264
121 112
151 733
714 231
25 378
870 994
504 215
214 902
337 961
183 493
899 472
445 158
904 546
563 871
233 392
322 971
822 752
913 692
789 489
40 883
866 652
685 328
633 239
427 600
495 949
950 504
607 679
242 601
495 889
470 585
870 81
1 60
310 38
21 49
93 192
902 346
923 669
85 878
63 13
229 734
141 760
953 466
347 47
298 761
318 764
480 119
953 323
972 617
810 161
940 207
383 709
228 201
279 991
17 800
966 895
205 549
923 83
494 12
404 380
66 367
674 110
307 619
878 246
146 727
937 736
8 652
851 698
568 220
108 517
640 313
933 628
881 259
283 77
807 31
722 565
187 93
355 932
193 841
360 782
358 809
677 639
255 583
313 408
855 961
216 333
75 434
223 10
407 339
504 712
817 937
69 656
291 452
436 449
905 350
430 291
13 841
251 450
737 262
952 799
537 887
368 102
518 530
965 743
213 770
344 207
161 943
863 216
222 208
577 487
196 971
198 105
628 982
224 67
559 32
175 299
896 816
128 682
103 347
573 196
701 783
322 956
172 370
48 878
757 441
547 215
241 802
292 954
866 515
775 959
188 635
339 385
381 6
111 877
497 521
632 60
558 292
335 629
402 442
31 364
163 828
789 80
995 118
971 766
94 867
384 942
722 356
426 313
998 505
581 687
394 347
488 114
677 928
215 993
256 360
722 503
354 921
453 585
512 89
450 395
915 132
932 814
94 669
574 651
833 531
155 66
717 129
580 545
605 928
731 365
290 621
700 980
792 407
844 337
661 699
425 35
78 871
887 23
653 635
382 709
329 479
535 635
44 950
699 251
445 401
89 301
183 541
645 376
957 54
26 456
706 374
230 536
140 368
187 695
188 100
99 113
106 941
268 396
434 996
861 779
588 709
607 315
343 37
331 628
574 432
224 766
456 525
391 470
304 504
841 295
89 522
972 667
295 826
747 61
857 525
476 77
745 556
492 766
945 210
943 955
785 425
612 836
223 368
962 823
180 1000
749 777
823 6
646 517
900 797
867 834
240 535
586 934
401 926
418 20
382 349
819 788
768 770
239 45
945 670
485 173
217 519
471 398
916 105
920 108
423 107
480 547
449 724
432 902
142 753
894 730
114 24
276 895
472 284
78 391
869 408
837 275
659 167
706 150
320 581
195 647
125 730
368 369
943 340
179 443
951 809
787 184
94 298
272 126
818 115
890 333
527 186
450 762
550 233
972 347
424 449
62 471
514 662
454 45
934 795
368 174
518 986
873 801
316 757
198 38
491 40
360 140
117 414
748 80
879 782
849 815
914 352
164 772
944 581
467 48
145 702
952 698
610 384
168 371
460 980
814 14
999 54
809 343
395 140
397 596
975 57
79 244
286 310
325 340
453 303
382 415
310 424
496 782
25 40
297 819
124 562
470 546
997 320
823 106
148 290
7 25
484 346
733 793
516 801
758 756
262 105
747 921
673 566
747 613
694 108
56 560
972 733
382 428
779 174
655 627
876 918
772 957
989 593
224 597
315 910
302 932
353 171
394 275
553 810
293 623
925 122
854 320
964 384
180 439
199 373
381 626
840 485
522 998
279 8
691 549
178 688
285 844
927 685
768 298
56 108
184 33
864 643
497 494
102 161
790 956
265 480
748 609
517 50
139 948
269 464
485 790
269 297
622 937
236 156
53 498
184 383
98 221
705 931
613 746
887 479
9 884
659 156
56 313
40 862
196 395
406 381
872 918
778 896
981 135
819 212
804 640
142 299
36 746
643 258
58 814
496 287
938 714
693 786
322 695
896 934
839 894
257 636
922 838
500 366
661 693
859 688
416 966
757 130
577 292
211 299
836 535
620 254
641 519
415 404
54 764
510 18
666 498
776 622
211 467
845 934
70 362
644 557
757 420
903 272
965 215
931 91
490 137
862 609
43 729
34 330
932 375
907 880
356 579
432 198
387 843
941 272
929 328
324 278
417 156
528 924
245 820
798 58
68 787
343 139
237 900
953 179
590 184
973 16
846 806
152 462
762 857
347 879
820 901
214 156
911 366
218 83
695 455
720 241
123 210
512 237
505 240
470 101
751 988
38 857
973 370
612 438
834 920
302 674
998 655
674 817
432 684
345 253
237 55
16 282
136 160
264 117
526 65
798 758
790 806
811 377
598 67
764 319
714 580
723 750
122 235
507 959
718 951
169 90
460 591
874 657
654 243
112 941
714 806
17 30
19 568
41 144
335 274
389 726
931 571
625 466
697 957
535 421
442 468
904 737
597 860
637 799
972 454
443 994
226 494
447 938
943 817
715 702
537 690
738 373
297 617
561 276
712 648
106 251
159 119
884 910
757 440
278 771
357 778
287 979
662 229
357 155
528 249
769 225
201 487
390 107
637 308
751 316
521 721
298 730
155 964
410 716
877 630
169 762
141 876
402 684
148 56
439 670
103 734
452 470
73 927
493 254
459 434
794 921
413 477
930 233
473 370
973 133
995 469
98 323
968 539
308 36
955 759
460 175
781 675
907 616
878 493
570 930
113 21
646 279
848 645
284 76
967 201
659 104
114 697
355 161
283 140
856 378
4 716
933 218
40 903
526 612
691 424
985 139
434 131
53 603
739 404
443 691
834 416
670 714
782 896
877 510
454 81
610 155
439 295
411 270
430 30
938 533
411 447
343 952
235 211
309 888
754 813
316 368
120 881
836 623
158 631
987 717
899 275
22 454
603 925
696 793
663 331
831 677
137 905
873 375
447 684
766 458
487 735
70 461
552 348
111 787
202 372
392 729
669 95
512 762
492 986
276 427
650 344
410 689
802 143
894 505
626 587
76 616
439 574
447 19
259 514
976 821
264 753
530 660
767 683
626 813
698 430
372 737
983 387
396 276
146 284
293 731
440 1
560 274
688 295
329 783
4 785
372 903
894 772
368 370
757 760
665 874
838 523
221 523
937 362
611 415
648 147
351 152
341 402
397 416
273 82
381 913
476 639
404 804
758 333
902 683
132 97
28 220
946 379
620 358
13 144
195 821
416 678
40 242
61 132
889 259
933 464
992 628
535 380
145 314
231 879
391 309
859 654
322 882
967 161
701 822
23 814
756 891
46 117
908 112
33 810
303 526
679 995
576 384
979 61
27 600
233 291
489 201
241 832
519 735
509 36
984 532
180 973
452 106
435 860
162 11
147 806
284 931
376 836
582 404
585 432
993 971
896 212
682 685
409 603
567 262
989 592
212 803
68 847
307 529
915 846
770 260
43 123
628 112
803 517
9 8
564 350
218 158
146 403
631 262
674 925
969 795
387 165
61 966
373 852
636 862
395 670
88 988
730 279
288 302
970 262
44 895
602 717
835 833
947 187
648 380
795 511
492 680
143 620
31 581
145 294
143 823
184 700
760 411
867 449
410 130
141 306
6 624
504 72
748 347
749 942
148 481
131 757
996 813
334 396
742 313
64 688
379 805
803 135
785 624
180 656
509 186
992 92
686 208
491 39
727 572
656 483
388 984
702 874
12 406
237 609
533 212
185 830
258 562
816 104
10 179
986 743
964 176
423 12
417 147
401 758
272 762
517 704
244 577
168 827
632 256
391 643
403 209
332 153
613 248
48 288
731 101
159 756
474 59
471 294
203 908
592 874
320 840
268 832
985 754
68 562
881 257
754 17
842 14
561 631
673 29
322 165
926 134
899 719
367 599
939 318
523 575
906 397
899 93
659 79
803 601
772 470
187 862
317 495
155 508
88 777
86 276
605 892
752 272
57 530
973 548
188 380
191 635
106 661
602 318
269 221
240 83
421 482
334 957
523 874
221 277
757 835
541 578
374 317
361 626
606 120
455 596
938 574
443 884
952 455
279 234
474 802
843 424
442 324
656 146
838 174
796 517
954 475
774 710
560 638
297 616
172 364
102 245
653 251
175 523
287 77
40 262
874 229
729 670
876 539
997 345
456 86
497 702
701 576
963 425
504 322
219 169
475 195
349 550
902 324
587 725
822 111
616 835
422 601
394 246
107 909
527 729
410 892
34 928
495 339
741 87
146 313
578 432
846 946
705 558
78 472
704 903
939 141
722 535
713 808
398 82
228 291
911 912
695 889
386 541
333 920
212 287
217 135
571 976
273 117
661 810
574 197
62 313
321 865
605 753
861 615
293 203
904 928
27 51
528 636
250 168
715 494
974 681
140 193
999 689
793 537
690 179
71 616
412 487
75 621
22 84
360 560
1 303
348 898
35 522
408 471
983 632
965 29
822 702
76 820
367 279
738 393
944 264
428 121
458 357
693 643
729 762
14 794
201 305
516 696
719 979
956 423
116 132
723 404
101 296
484 416
653 449
984 936
379 604
292 559
414 888
541 350
375 526
949 971
417 234
496 85
682 694
333 22
962 582
188 379
812 452
376 630
363 876
569 329
347 311
294 274
439 735
635 984
726 497
431 879
626 189
608 400
76 222
756 520
460 125
464 376
428 739
40 695
906 498
431 317
986 132
218 298
368 371
761 764
616 153
302 586
292 659
154 449
702 43
448 426
810 126
531 193
436 443
847 923
216 62
321 845
566 837
611 112
679 606
847 520
335 292
784 754
51 824
631 877
883 860
719 161
131 109
4 485
392 570
841 368
36 982
629 497
25 355
960 66
706 634
978 582
479 581
628 703
439 40
944 726
743 222
581 271
49 438
538 210
739 497
127 146
28 816
233 290
361 501
125 372
953 729
775 880
297 817
552 313
590 785
902 381
60 73
67 308
653 485
175 801
785 693
254 810
185 801
443 489
102 878
706 759
539 937
57 351
457 661
993 571
829 713
342 328
125 184
424 837
523 167
660 20
166 512
702 395
498 221
686 736
416 168
894 583
473 425
219 349
863 668
539 762
216 453
677 600
83 791
424 132
764 422
857 380
746 500
622 60
956 624
403 368
657 471
464 491
754 351
744 857
31 765
359 672
341 437
161 535
492 71
100 524
427 212
41 186
204 546
499 914
154 379
822 826
970 249
645 463
26 177
279 193
178 468
658 842
364 431
183 869
900 602
657 386
415 406
868 76
699 267
827 830
940 759
136 911
49 466
927 267
13 375
325 421
680 204
477 362
334 397
590 706
917 402
719 26
537 698
870 82
28 907
158 878
719 907
776 989
764 74
995 316
716 392
208 362
426 433
525 591
506 899
50 689
306 775
238 314
82 734
444 921
873 920
159 614
590 588
439 662
726 462
384 560
641 660
733 654
882 200
901 322
261 35
854 354
55 983
425 298
99 351
463 742
946 764
541 29
941 867
156 61
949 360
952 196
425 196
902 598
338 799
943 270
18 77
735 232
795 783
498 645
984 196
985 173
783 358
681 164
863 180
174 811
579 785
398 947
627 785
886 110
874 558
545 518
236 311
477 59
909 169
776 302
814 362
988 425
294 955
611 914
604 405
226 492
559 402
448 862
231 125
650 733
879 945
680 25
827 858
149 826
942 121
301 15
340 715
646 747
3 413
956 301
171 559
532 422
286 268
914 889
607 644
650 723
124 628
436 552
571 63
816 134
907 81
968 65
822 108
91 402
54 26
607 954
591 289
299 161
524 478
980 744
285 462
73 524
275 328
112 998
102 900
300 269
319 51
158 247
529 360
879 75
369 310
423 209
100 418
122 742
548 650
623 86
769 675
185 420
763 135
77 846
977 337
322 23
73 642
234 827
678 728
536 294
755 503
294 209
61 698
902 784
179 307
204 166
846 589
759 994
895 596
956 568
973 630
441 605
726 918
673 282
749 15
843 86
493 721
95 173
687 809
100 629
605 752
322 586
936 466
400 936
3 61
296 49
259 71
814 279
862 135
701 959
648 309
227 552
252 157
560 652
838 139
924 708
45 989
83 214
84 645
816 965
654 521
827 215
538 110
259 95
870 139
283 921
379 748
569 908
168 583
996 629
153 437
449 798
986 317
141 684
950 130
699 142
612 933
984 856
533 11
719 752
315 758
464 204
120 414
684 818
953 376
55 712
665 300
560 54
9 304
742 770
929 231
214 363
180 303
453 803
275 469
66 338
149 628
60 820
955 676
981 684
911 209
954 628
811 421
43 831
599 322
268 920
341 190
806 152
402 82
678 558
117 869
545 130
165 241
611 385
441 633
123 363
454 145
751 613
934 143
900 11
978 791
355 300
405 288
302 293
875 421
251 399
804 623
53 701
60 239
723 537
119 278
519 789
443 846
762 96
657 20
148 745
330 244
362 13
908 227
676 135
842 107
678 509
859 199
787 418
317 587
157 790
947 492
641 681
515 144
75 665
538 211
956 358
577 639
373 468
585 84
345 927
714 304
629 131
645 942
903 190
894 57
841 947
181 434
703 94
382 493
633 305
245 571
998 203
361 22
660 320
797 43
833 328
48 524
234 447
487 931
769 88
673 932
418 845
209 132
962 474
660 21
152 565
820 135
354 522
969 843
635 822
227 805
403 282
954 665
703 38
910 324
147 920
427 504
998 881
17 644
180 208
570 600
238 970
968 695
190 937
454 866
679 287
706 411
355 251
820 407
308 675
483 111
98 75
260 846
8 191
763 327
123 740
964 982
865 427
57 726
210 544
118 953
299 881
999 992
601 401
914 334
993 335
577 392
482 972
502 395
331 561
562 769
406 205
979 253
541 670
88 282
92 290
111 518
384 410
44 178
634 668
908 485
245 607
538 934
64 545
727 574
487 737
310 58
561 88
335 925
486 475
937 953
245 896
983 246
894 311
793 252
457 688
422 642
599 966
121 771
821 376
949 179
842 805
366 95
848 298
907 355
587 919
620 677
170 221
388 788
268 834
103 917
807 27
926 419
858 17
263 987
802 885
764 459
895 944
915 443
477 630
375 347
985 3
507 963
460 507
185 877
451 980
621 240
697 736
899 892
453 734
658 141
400 165
350 425
250 261
344 834
364 381
842 80
541 866
801 989
732 935
823 280
37 387
974 924
206 266
747 226
766 322
988 200
183 110
274 838
941 62
727 674
911 481
340 571
36 348
901 848
82 14
84 576
893 822
984 31
183 268
439 934
355 650
428 181
926 332
105 64
300 5
840 13
662 474
640 827
194 918
727 288
835 798
215 12
186 370
738 807
333 449
885 692
641 206
772 624
635 574
446 179
450 46
952 276
132 358
990 190
972 12
872 186
32 417
711 419
576 686
773 12
78 760
762 649
856 718
343 917
826 646
976 295
151 793
972 307
574 203
740 727
801 771
728 311
639 547
89 451
108 41
18 961
830 800
672 462
467 314
914 546
359 376
778 28
455 677
421 277
460 765
743 470
400 16
792 966
631 701
429 155
127 916
822 914
325 90
883 608
315 220
687 364
178 364
830 819
917 759
793 825
633 58
229 911
581 186
512 805
96 92
421 937
461 876
820 727
409 945
768 760
988 67
93 865
612 983
188 539
158 935
954 78
258 585
341 648
896 203
202 826
189 836
385 831
869 162
372 462
764 984
301 566
427 96
49 95
952 321
200 422
574 728
264 835
599 127
117 905
983 412
159 718
897 497
238 205
989 875
591 715
705 520
613 911
975 808
890 516
412 250
935 169
180 78
950 638
189 264
801 142
731 333
347 580
442 996
134 538
86 227
622 913
861 679
769 985
518 700
170 326
47 252
123 362
217 225
401 26
761 476
43 621
835 739
299 903
429 588
265 571
341 256
35 685
535 264
296 159
687 957
579 732
287 451
587 249
439 260
300 590
377 197
359 493
681 413
115 633
206 416
532 496
331 741
335 982
723 231
378 584
785 532
292 792
311 108
684 522
461 703
957 538
444 435
562 234
306 428
770 511
864 398
438 145
137 938
301 231
819 598
489 95
718 328
591 250
461 993
500 889
638 35
159 366
538 869
380 902
110 363
157 442
301 538
734 337
877 571
654 542
146 605
347 228
370 63
152 502
685 692
962 475
781 949
622 369
586 968
1000 714
431 765
622 224
15 498
733 729
555 217
498 810
150 931
299 295
961 235
658 112
697 120
330 95
207 779
703 182
338 934
1000 455
175 17
180 209
878 424
476 824
772 509
845 776
415 975
472 143
473 250
986 590
437 11
299 767
716 225
562 763
482 132
175 60
912 406
144 800
715 475
787 950
644 981
94 36
740 638
227 645
818 800
156 671
253 669
605 424
957 491
871 293
179 855
646 269
188 159
340 322
807 332
279 417
192 329
67 615
448 995
582 186
644 553
87 986
667 984
837 24
243 379
182 199
612 792
791 443
7 488
159 504
146 780
810 419
793 19
745 266
747 436
237 606
681 966
8 964
938 435
551 973
755 78
242 903
87 940
190 447
172 862
138 218
983 102
832 204
548 513
987 99
626 993
772 925
241 325
669 307
337 824
258 132
536 120
898 867
919 847
669 164
873 793
603 160
986 88
660 921
985 628
648 993
393 202
730 37
974 557
18 169
422 79
578 401
229 773
542 364
998 786
216 338
217 63
56 507
844 108
682 83
652 831
433 759
617 190
92 812
840 950
530 46
308 640
148 989
365 433
478 208
568 372
973 134
274 643
39 897
50 90
987 967
344 835
183 730
645 545
614 602
939 780
733 360
970 106
270 263
168 160
461 613
761 103
609 171
572 25
478 556
853 544
68 296
107 322
537 295
719 75
721 227
528 110
15 848
951 100
898 144
901 863
686 243
484 399
945 907
504 325
695 99
556 299
423 284
885 401
153 328
284 998
704 154
379 544
642 796
185 863
246 816
483 606
964 151
217 558
290 418
733 974
119 467
534 36
877 515
884 509
613 25
850 701
67 189
584 273
413 473
911 334
90 70
769 673
203 941
755 328
938 296
186 597
545 410
33 238
677 653
471 692
455 211
203 826
954 606
593 502
332 414
557 595
467 641
798 839
910 317
144 684
882 972
41 308
857 186
549 724
821 799
712 767
826 647
37 549
530 131
821 896
381 905
94 194
688 891
193 179
467 332
217 309
92 935
634 174
947 71
865 466
719 491
666 741
278 231
653 937
571 601
400 17
557 799
534 461
683 734
334 702
391 461
31 890
183 943
700 123
225 93
852 430
672 540
432 273
88 830
607 452
334 517
59 210
735 153
914 824
585 190
470 680
179 685
773 793
827 233
157 502
689 200
229 287
267 62
326 607
336 731
375 666
546 418
528 217
129 162
906 738
573 639
868 521
280 50
353 588
724 565
907 127
364 48
358 735
49 232
487 953
2 579
319 192
195 78
489 301
452 423
751 205
227 340
916 118
523 188
636 879
156 419
493 222
898 696
538 595
81 484
962 359
109 270
440 508
755 292
315 839
997 303
800 741
929 967
87 315
682 777
411 821
32 462
765 692
52 1
15 191
479 66
970 415
56 435
296 354
618 857
786 125
364 17
56 290
39 619
151 173
880 499
156 773
565 495
549 810
273 231
22 954
313 806
813 997
924 258
90 832
217 386
406 436
634 53
282 206
861 874
700 424
918 467
831 918
188 244
580 662
212 242
984 331
536 708
469 653
405 373
692 683
895 492
550 569
809 497
224 191
983 886
797 804
525 501
380 562
732 799
951 63
991 267
443 268
637 662
570 337
219 869
510 292
613 413
49 230
231 762
658 811
111 928
918 910
704 518
85 405
457 666
493 278
375 924
604 150
163 584
833 700
797 281
447 128
621 560
12 675
782 776
18 416
509 583
347 276
869 123
299 393
621 710
369 77
995 273
171 211
350 887
976 450
26 841
62 11
891 177
484 761
403 373
230 378
411 910
126 809
557 387
274 506
688 692
528 921
585 728
986 953
809 896
956 849
204 974
886 150
354 63
782 973
450 586
913 98
893 455
807 522
13 1
397 162
404 642
210 689
687 193
1000 787
158 557
126 485
842 58
326 219
255 195
936 59
957 347
260 765
344 902
309 956
273 219
37 493
891 275
600 375
305 45
698 972
201 236
93 902
849 552
561 380
136 769
559 336
323 641
400 662
367 328
6 918
614 251
724 911
466 139
720 682
427 892
64 594
50 733
487 624
942 109
733 888
771 583
119 601
444 805
950 507
533 65
959 16
771 724
360 883
663 962
579 287
814 602
673 838
142 515
68 687
648 531
375 134
416 183
56 158
844 143
493 55
960 948
541 105
808 716
86 78
177 866
324 983
311 815
845 307
652 937
484 669
268 930
916 610
799 955
708 636
412 449
307 45
734 644
754 382
226 935
616 355
299 945
930 757
753 958
37 77
916 832
634 139
344 213
239 780
916 823
921 587
739 460
903 687
472 313
736 582
202 110
314 73
796 908
301 362
297 184
844 896
719 308
478 386
939 924
748 292
469 837
698 625
36 120
461 757
619 334
903 238
993 164
41 599
707 626
460 437
837 507
803 167
280 936
392 802
67 352
659 868
823 937
625 994
332 580
849 310
152 226
371 22
963 314
413 773
56 638
661 47
441 196
43 264
63 837
369 346
895 845
137 300
91 181
312 198
20 255
4 516
119 323
191 118
391 624
431 711
342 486
694 843
143 243
493 138
609 929
369 388
25 720
17 544
290 756
790 997
845 326
170 78
213 492
431 293
415 864
397 725
237 22
937 938
493 940
442 974
481 556
134 572
617 392
13 901
87 628
659 111
881 3
347 747
352 831
479 510
249 425
377 348
375 313
420 1000
369 960
174 731
662 482
506 171
877 360
500 722
221 708
960 348
326 451
190 577
598 322
35 512
92 599
734 386
926 816
14 674
773 607
581 390
378 707
509 427
352 490
904 529
89 957
241 998
774 678
187 24
743 7
321 705
432 481
604 335
783 936
680 135
555 789
577 513
121 509
103 309
880 638
188 533
279 718
410 523
340 968
15 548
660 431
105 375
145 814
10 886
394 7
989 470
24 56
172 144
121 840
105 179
68 961
508 24
698 56
137 328
928 589
980 894
872 330
553 816
309 74
310 957
632 427
448 204
929 85
18 460
471 746
552 812
516 360
904 437
578 308
156 322
673 104
824 236
364 733
660 850
848 18
246 729
963 739
657 572
806 159
331 125
871 356
920 605
695 465
730 316
734 348
776 60
598 255
196 875
268 328
506 207
469 313
738 158
53 698
830 962
563 197
965 697
737 714
809 69
336 220
39 840
279 185
586 433
606 52
526 380
899 84
850 506
247 666
213 550
568 523
254 402
92 345
719 236
460 961
121 191
365 182
62 996
233 294
603 891
879 603
832 686
483 810
600 442
709 248
424 591
20 883
270 196
295 395
831 597
851 363
676 838
607 878
629 930
703 623
98 810
483 520
45 369
160 741
128 67
129 830
646 773
423 436
300 321
825 182
267 389
629 708
373 607
635 523
14 228
125 805
995 387
906 176
564 436
753 341
788 188
937 542
989 845
114 393
441 847
761 834
169 808
389 151
275 187
545 65
488 366
151 637
502 851
618 920
450 822
490 891
259 708
875 866
706 103
383 700
798 559
471 861
535 584
147 891
350 150
66 143
27 209
834 195
981 16
675 861
821 967
770 635
109 821
575 680
372 131
98 57
306 10
914 887
678 306
131 77
300 556
317 906
840 713
13 401
291 819
844 925
762 242
581 350
72 930
315 6
939 960
945 132
562 61
413 621
947 461
749 937
953 648
202 700
274 865
903 270
462 202
390 359
512 921
283 812
289 528
876 556
23 271
276 266
757 351
86 293
210 242
693 711
766 7
845 908
314 52
997 849
530 932
819 805
845 797
441 175
476 641
524 310
357 67
180 716
91 59
202 880
738 798
145 750
842 574
305 532
897 285
592 659
712 980
43 205
104 973
312 647
532 127
897 398
9 222
483 147
512 227
485 35
143 15
111 379
848 75
62 85
691 519
838 938
267 739
363 598
808 745
21 422
274 61
78 739
373 529
501 460
212 657
387 58
322 209
216 340
972 187
477 627
497 285
100 974
502 46
892 354
930 643
38 396
667 348
140 500
160 282
244 512
830 779
249 238
893 210
624 942
311 402
16 618
403 991
83 371
415 336
431 998
248 225
629 260
131 937
995 678
961 970
563 938
912 146
487 66
737 867
650 874
603 774
984 260
359 132
567 995
514 237
509 375
736 421
699 299
11 917
184 972
701 889
426 861
408 448
159 125
590 691
728 99
542 566
118 580
410 389
225 386
797 924
102 968
448 751
103 353
965 326
489 21
841 840
43 506
638 121
440 670
588 874
320 948
160 557
372 583
293 975
48 277
314 498
263 407
124 453
531 639
626 771
897 377
437 416
845 99
979 274
215 879
664 395
601 624
85 335
160 890
747 990
418 379
21 899
526 928
85 304
657 599
719 369
211 163
761 747
83 979
526 851
393 373
967 199
995 761
925 719
393 454
892 390
394 873
363 336
240 229
458 164
98 159
977 640
856 495
106 754
857 90
514 653
2 473
739 410
777 905
177 960
744 548
692 780
785 102
397 152
773 361
470 79
232 796
942 332
28 404
583 170
452 696
681 422
304 511
265 847
801 781
828 34
41 912
334 303
226 396
118 646
625 722
883 530
166 776
261 880
652 71
875 918
841 10
309 612
6 972
126 540
914 583
605 82
733 157
614 128
747 481
984 941
270 736
935 726
441 374
996 448
394 4
747 638
181 380
777 255
644 423
820 222
774 227
280 163
730 679
416 419
452 417
437 19
252 487
25 913
394 358
103 760
805 916
346 95
55 629
87 324
453 938
205 712
959 144
337 641
214 73
713 894
755 471
114 501
977 945
890 626
928 155
839 335
750 222
851 940
806 156
637 709
743 819
731 767
678 986
735 159
569 352
65 57
838 668
986 931
113 277
481 297
388 291
856 459
568 447
748 933
165 991
113 486
847 535
245 161
303 833
52 583
398 623
350 356
977 542
168 235
836 570
514 838
361 734
343 602
918 64
409 112
709 453
732 874
412 463
116 455
827 111
504 417
909 916
470 714
608 791
185 586
723 454
120 113
907 191
454 854
33 526
128 806
556 350
719 946
413 674
453 586
315 697
318 712
120 335
868 638
859 932
736 556
309 395
958 568
685 800
209 111
245 857
234 458
253 382
328 651
826 150
974 262
632 345
176 463
656 953
507 511
38 933
919 804
850 643
229 838
65 456
163 680
954 677
96 645
260 502
777 164
160 162
379 22
678 740
751 822
365 23
169 820
43 799
63 336
238 974
496 217
48 37
208 749
796 486
528 780
622 944
97 571
739 244
406 645
298 498
324 306
326 428
2 494
437 973
334 939
226 112
192 896
890 219
285 649
804 655
752 200
329 361
541 632
908 861
729 200
798 245
631 753
146 555
156 521
213 584
785 191
398 762
202 475
779 601
546 804
893 603
13 481
935 858
3 279
791 214
434 649
970 855
827 162
420 372
150 181
79 209
943 632
432 426
309 604
332 863
884 32
331 992
150 292
851 153
266 801
12 317
965 353
329 199
475 253
7 122
485 12
548 302
113 597
55 366
746 227
787 568
120 700
906 115
234 558
306 915
825 897
242 21
445 592
168 946
855 37
124 17
910 551
241 203
294 351
556 902
815 651
270 276
434 954
227 153
765 649
293 366
350 849
890 426
172 669
484 671
731 694
402 150
97 726
955 974
798 520
433 756
397 401
277 843
558 692
838 740
85 124
166 289
919 381
178 147
438 609
421 381
465 837
502 376
178 98
19 686
67 971
999 145
806 423
678 430
644 746
645 703
480 245
409 191
362 245
455 880
832 969
194 58
671 832
379 854
340 720
701 745
961 644
836 784
513 467
516 706
370 446
22 287
633 380
337 335
944 497
374 866
766 32
888 341
90 401
43 509
153 333
546 268
196 149
118 734
755 958
479 518
651 75
335 738
358 641
200 700
533 99
51 489
996 259
9 287
281 546
29 964
713 615
437 431
224 532
868 965
945 596
751 904
988 558
760 565
959 127
251 954
754 47
882 120
498 881
686 908
454 908
223 193
834 102
526 848
854 109
89 37
363 450
458 338
226 982
66 783
160 456
416 802
802 908
520 440
173 718
981 215
875 444
634 725
514 650
472 505
319 413
700 673
897 419
355 388
799 703
395 557
718 773
938 653
44 716
118 997
70 120
648 314
634 399
433 220
552 150
880 771
973 129
3 222
560 641
227 121
28 699
747 53
897 766
566 513
475 406
336 944
376 81
943 579
693 796
909 879
171 666
268 707
534 100
846 314
991 823
353 871
546 590
508 453
242 665
331 936
315 303
561 11
305 341
414 49
760 72
242 744
44 54
688 703
508 171
146 994
453 742
147 455
811 988
403 514
208 311
150 718
190 491
301 878
967 721
146 629
492 104
826 243
864 802
993 642
185 778
858 256
930 149
698 425
3 969
742 918
522 395
548 683
760 914
989 871
656 892
397 614
615 300
544 765
881 92
535 945
807 940
864 155
467 527
97 950
790 737
848 818
522 703
298 721
199 973
916 907
840 667
31 660
457 766
187 634
335 290
448 78
766 962
490 729
420 328
700 308
41 209
316 461
135 523
378 882
987 768
14 700
914 502
560 734
153 856
4 328
738 325
558 168
300 872
466 384
819 700
14 990
936 864
629 29
349 974
64 683
971 657
28 782
676 98
144 275
182 255
628 347
203 619
69 366
68 242
984 539
897 996
845 998
686 302
375 635
985 803
200 153
589 481
367 23
868 552
211 635
620 741
587 132
759 902
245 856
103 654
859 980
368 969
702 546
208 162
741 24
688 146
690 838
413 493
659 493
623 36
605 482
916 388
989 730
316 728
497 959
92 731
160 820
638 739
678 650
453 909
275 101
777 171
372 883
638 626
750 8
773 63
665 990
9 898
318 148
35 926
276 744
599 466
268 520
804 938
36 572
147 893
866 383
557 954
249 359
691 376
527 230
50 195
313 726
917 620
43 589
246 116
528 555
586 17
680 886
238 664
424 52
481 421
523 980
672 266
486 694
969 344
80 869
901 25
232 908
456 756
827 967
305 977
567 921
14 523
291 130
276 582
921 319
559 373
11 771
841 112
701 551
978 459
641 313
187 179
393 592
177 505
626 680
474 653
349 491
217 615
613 446
176 63
582 491
841 803
475 109
370 381
9 401
12 954
599 876
836 98
285 484
196 193
716 520
936 664
186 347
393 899
4 547
209 219
194 849
727 121
12 834
470 2
960 792
371 635
247 468
798 988
334 399
238 137
755 481
830 461
192 545
392 163
310 645
99 466
27 401
212 659
764 448
782 227
269 500
930 558
215 536
218 492
900 170
385 995
795 916
1000 694
873 712
625 31
753 34
971 119
717 583
611 476
633 628
388 341
652 650
100 607
952 52
622 828
456 931
423 938
772 243
188 490
61 84
796 233
174 813
624 610
977 931
491 91
992 580
972 490
234 978
210 513
235 94
696 412
866 980
886 403
69 219
643 4
991 572
460 948
581 304
50 184
823 279
384 460
239 604
221 161
776 562
507 802
245 299
417 628
144 460
883 425
157 586
598 848
775 950
301 811
568 41
767 968
951 894
591 247
175 999
439 978
306 920
940 21
161 218
845 144
59 743
557 284
155 996
233 824
790 274
716 643
328 708
498 140
561 938
318 567
466 686
655 800
233 713
808 937
63 437
833 896
233 602
416 214
240 426
916 291
886 529
833 411
281 489
216 387
714 654
859 427
532 371
421 220
851 959
963 665
587 357
273 989
493 826
631 116
768 789
293 99
442 815
151 133
8 237
136 418
155 78
948 257
145 52
458 53
459 724
282 839
268 310
435 287
681 27
896 191
545 548
877 391
476 288
577 331
170 931
101 669
602 942
328 503
326 806
473 754
737 909
934 545
603 868
766 272
914 693
611 517
896 563
269 527
936 788
519 755
701 524
978 403
390 301
581 54
28 858
951 68
112 715
276 460
278 662
358 320
314 544
287 563
354 943
171 303
471 438
214 387
620 642
932 518
573 788
580 775
129 945
263 356
690 976
307 652
122 667
314 460
318 268
357 490
674 60
935 391
828 821
851 652
937 551
848 390
808 992
501 608
801 16
536 803
534 882
422 56
804 800
482 510
229 659
869 93
326 311
554 90
757 625
459 914
147 721
900 497
635 394
451 915
839 252
382 633
734 466
795 122
547 689
959 679
217 390
992 524
274 711
4 492
697 252
841 377
415 298
808 142
943 768
583 281
149 779
595 311
979 84
211 62
585 205
434 739
391 211
304 251
288 932
625 845
220 39
857 679
422 815
88 517
202 633
813 71
7 16
264 998
358 364
980 477
831 423
172 224
530 974
327 900
366 218
778 128
986 303
470 884
404 947
4 584
258 840
544 973
318 296
347 360
683 402
946 832
300 129
574 840
596 768
43 896
65 840
893 430
967 875
859 354
551 104
311 967
960 987
407 509
592 47
707 310
356 296
919 588
791 590
263 925
458 363
957 147
140 467
669 933
53 618
187 552
957 4
575 725
616 410
635 406
874 674
451 911
269 2
108 110
697 575
990 84
26 265
877 464
31 536
966 237
115 683
830 588
500 375
702 18
618 824
221 574
278 18
944 538
600 204
766 729
322 942
827 823
150 216
120 945
121 344
305 33
110 716
861 108
865 105
594 873
888 438
466 244
908 483
486 243
615 164
362 933
475 334
276 277
849 445
296 587
409 876
353 385
598 932
569 974
349 730
208 466
794 377
530 931
551 635
208 353
696 779
561 163
229 53
620 714
931 305
626 907
132 618
812 500
229 134
10 213
695 425
110 251
185 32
919 981
849 121
962 312
854 266
581 578
588 418
54 450
685 548
217 864
289 179
769 713
246 121
962 218
86 66
161 377
825 210
844 26
26 681
703 209
798 767
255 734
990 647
60 472
762 750
598 88
730 320
549 652
342 922
933 813
60 335
959 285
195 868
496 421
188 491
396 216
696 302
937 68
459 696
184 596
778 828
887 271
52 569
933 400
594 664
383 446
226 487
279 339
999 224
693 917
784 991
303 601
988 343
571 505
789 418
790 69
774 702
997 527
809 461
115 850
267 9
470 880
711 210
864 75
756 201
295 511
741 667
690 715
180 909
24 433
461 932
262 159
375 546
343 64
864 169
59 649
868 737
139 546
189 728
381 382
128 14
366 146
868 880
779 225
621 616
821 422
96 609
320 853
582 769
877 655
80 841
685 520
924 960
160 893
199 308
469 558
556 763
351 393
687 611
561 651
855 809
839 356
843 865
238 789
518 315
96 830
190 920
599 292
344 488
531 60
357 273
414 956
865 666
520 299
901 210
605 856
416 804
914 95
445 959
321 889
505 132
535 488
217 312
308 609
435 97
177 409
763 261
547 469
145 452
202 63
357 441
999 806
469 515
507 688
357 552
403 877
45 820
576 14
26 99
10 684
102 318
987 708
608 671
274 789
466 45
5 55
107 293
628 321
168 447
12 368
784 217
860 108
328 37
689 209
626 753
495 40
522 436
511 510
729 734
654 639
202 804
208 297
985 999
345 576
111 105
59 514
281 572
180 870
929 248
397 898
204 396
646 63
812 339
540 901
786 946
492 407
402 939
935 23
683 454
798 789
124 202
934 341
114 496
688 431
446 435
235 588
860 869
679 227
717 812
645 31
209 605
104 437
602 476
613 764
815 272
657 850
288 389
14 497
94 163
244 724
230 931
71 145
607 99
3 453
324 879
149 552
758 100
46 160
654 291
602 528
469 551
733 314
371 454
975 237
559 482
652 256
728 636
801 814
469 648
915 491
861 150
588 626
644 235
745 613
139 300
379 931
123 797
822 739
816 392
780 51
818 378
987 593
184 260
867 795
323 825
505 574
215 383
641 332
551 705
970 528
862 514
29 759
858 593
229 753
737 340
746 138
711 908
267 831
159 485
256 12
310 883
500 613
813 770
655 581
458 837
404 355
557 355
885 886
925 223
730 809
101 134
453 819
76 363
8 667
280 416
725 626
581 908
449 319
589 406
755 263
688 508
264 358
864 669
591 858
207 785
839 300
142 100
420 590
882 785
277 963
95 972
920 526
208 736
429 648
601 847
284 141
30 953
274 503
645 132
764 924
579 896
619 607
910 24
53 617
99 381
627 908
60 283
479 323
796 135
636 966
288 406
880 16
607 71
296 97
278 305
995 801
849 719
966 226
491 14
239 868
886 437
279 217
248 265
230 681
395 964
767 402
179 861
828 118
796 980
266 635
874 468
837 224
819 365
306 360
179 970
594 983
166 708
351 712
390 712
357 907
710 897
128 999
629 255
818 286
676 896
913 562
805 612
127 119
88 254
68 208
785 760
936 636
370 488
685 95
244 305
119 679
390 389
798 262
175 973
231 147
37 812
634 1000
926 490
593 253
203 601
521 616
132 619
944 133
160 628
47 690
548 527
570 195
635 555
394 317
342 479
422 359
116 696
912 925
640 428
739 934
302 680
656 838
290 604
954 567
483 117
302 539
473 693
811 371
597 777
108 429
606 436
921 812
4 240
26 584
174 704
583 924
903 617
827 662
661 910
41 13
60 319
524 590
299 965
966 866
362 186
253 714
58 968
778 829
873 891
344 841
507 663
994 159
493 106
66 746
430 123
987 842
805 853
961 639
546 839
527 696
197 37
793 806
524 914
11 801
640 446
513 672
274 833
510 970
673 108
528 100
361 437
452 4
128 882
242 624
888 66
233 565
836 984
77 52
168 738
67 500
555 802
953 507
594 511
647 11
172 169
980 752
547 911
587 842
768 928
204 282
849 203
788 590
798 28
182 341
713 612
931 445
165 419
536 777
209 460
294 9
316 642
157 1
378 455
886 599
358 881
161 427
521 155
282 641
449 400
376 717
398 91
576 677
367 626
117 587
873 537
755 792
807 942
985 96
839 389
649 487
451 953
692 153
435 240
592 224
486 749
815 419
141 62
749 297
623 752
457 505
285 853
294 740
408 659
120 669
652 398
66 607
620 26
549 18
639 751
865 325
168 243
22 242
623 791
395 118
818 117
824 868
303 655
491 871
643 98
735 648
224 314
79 116
169 765
852 436
395 157
399 893
98 904
850 309
127 809
628 322
776 703
300 165
817 21
582 279
840 370
949 560
936 933
701 635
945 937
305 330
513 173
162 437
951 917
827 461
149 169
392 594
998 182
983 198
641 1
203 656
801 482
516 967
793 382
958 512
9 431
764 983
712 106
713 439
54 361
281 515
47 720
48 274
357 488
968 835
418 380
38 957
782 44
152 272
526 614
48 737
121 941
180 422
878 181
95 821
804 25
333 704
915 547
893 392
150 623
37 91
863 304
609 817
172 220
251 481
94 132
655 36
344 342
786 853
293 291
102 884
506 502
14 71
645 175
723 707
61 952
322 388
621 32
740 681
207 451
100 529
303 988
490 693
911 669
329 369
917 848
627 183
772 181
778 866
84 237
213 975
761 199
857 852
514 399
643 49
150 67
649 608
600 242
969 387
18 593
258 480
387 668
830 688
500 51
762 330
357 918
940 667
689 757
797 830
40 165
802 596
620 947
235 471
163 747
628 422
646 589
150 284
335 784
31 11
659 818
586 894
789 187
721 669
617 860
584 147
214 562
31 408
500 759
928 640
980 697
341 693
278 132
589 367
703 763
816 981
998 301
793 567
570 44
592 684
806 579
399 43
664 88
589 310
575 130
389 1
837 625
930 295
720 159
280 464
891 198
768 293
769 540
795 540
388 94
961 308
851 904
275 488
234 906
878 435
592 232
759 116
605 878
616 269
875 488
306 171
217 198
735 12
443 644
552 175
448 62
231 285
40 216
938 689
45 601
870 918
49 670
212 62
640 498
276 382
415 379
936 402
263 598
302 43
179 860
865 141
979 176
731 406
823 268
440 843
58 646
75 556
171 941
316 306
944 747
909 803
379 908
804 79
491 956
116 39
997 634
176 980
323 647
196 46
236 799
771 572
243 77
500 676
585 346
72 99
788 281
772 870
501 994
372 414
16 602
590 96
331 356
2 517
602 799
91 175
293 935
350 680
315 935
337 803
928 394
596 866
452 169
933 663
939 10
43 81
831 8
303 483
711 550
772 698
960 906
192 548
483 231
943 609
164 650
964 698
82 139
173 964
462 839
377 729
817 852
602 482
59 79
920 619
886 810
652 822
501 376
492 171
127 402
716 173
575 378
522 626
486 631
804 600
491 463
952 811
536 682
296 207
244 525
886 244
912 489
641 813
325 844
786 462
368 225
355 509
139 568
620 55
382 774
74 95
240 811
425 655
73 383
636 713
861 172
2 131
555 687
741 854
776 422
748 290
841 128
524 915
248 4
893 748
194 278
298 290
227 866
193 822
505 516
968 364
849 415
708 342
950 191
849 296
7 90
401 831
220 271
883 121
756 489
483 583
646 966
530 679
858 296
81 497
906 226
191 124
357 324
160 768
345 260
627 410
25 730
906 373
319 792
195 262
218 173
436 228
260 458
647 718
85 315
69 838
86 108
948 127
507 153
402 103
412 685
28 45
66 152
281 288
602 454
345 87
535 542
701 498
881 910
963 555
748 819
506 66
531 175
187 997
615 528
939 562
819 232
378 120
105 960
173 603
959 652
448 102
676 438
752 20
571 712
406 311
37 252
296 58
781 237
361 596
508 797
895 147
13 886
558 801
411 392
808 36
311 147
295 814
645 671
225 86
795 302
634 506
214 986
710 959
627 786
533 606
382 28
634 919
518 935
379 886
126 1
699 443
404 789
853 958
233 221
750 986
580 82
295 413
595 235
686 278
608 110
521 873
208 412
154 542
565 624
989 464
298 677
688 101
851 435
877 591
822 240
834 642
837 541
953 240
60 862
993 759
285 203
108 562
199 389
285 32
298 86
9 25
119 210
800 764
639 907
360 803
103 981
34 700
38 156
163 370
856 515
525 484
184 128
666 780
388 10
92 982
387 178
874 826
290 871
649 659
32 582
744 758
982 656
625 181
901 433
65 350
156 691
527 940
948 407
697 913
801 824
691 175
239 691
224 360
192 246
818 22
321 534
984 338
641 567
442 258
245 383
890 761
590 324
876 439
537 375
922 187
45 56
943 611
430 914
90 675
418 874
625 834
920 408
567 196
206 100
697 95
546 449
485 19
367 19
24 491
208 376
449 610
160 763
894 256
756 289
578 961
775 153
618 462
637 98
107 847
436 948
366 72
59 544
375 778
566 209
289 59
473 262
863 625
169 541
441 992
26 958
975 871
86 970
968 975
747 187
113 1000
609 995
464 350
467 721
108 677
470 284
67 524
868 255
556 664
943 631
895 646
390 257
271 258
610 530
373 680
984 421
694 443
229 692
401 109
184 267
937 179
351 225
155 410
654 112
145 96
257 686
807 690
937 316
230 589
446 542
752 205
725 150
66 533
324 766
112 251
791 15
667 5
690 158
585 908
1 579
143 824
295 865
960 184
559 384
638 395
393 434
567 917
474 964
496 632
750 898
875 964
13 365
331 215
718 402
974 824
277 200
650 594
616 1000
382 423
241 817
519 308
535 580
997 714
428 59
949 631
418 993
201 503
133 538
336 666
742 22
431 869
512 701
395 275
953 477
440 648
811 907
426 423
524 300
682 469
983 137
665 59
384 991
833 736
172 854
870 261
157 166
74 319
413 92
940 907
276 852
152 474
171 22
104 51
910 527
893 365
604 992
626 872
627 385
449 928
892 43
949 92
843 745
100 150
636 32
123 95
36 313
851 348
458 424
55 862
264 97
820 94
421 181
646 438
557 777
504 725
356 606
913 293
97 972
717 579
593 573
939 457
179 108
164 504
739 100
652 533
585 590
913 126
75 796
421 376
630 206
492 692
250 266
804 319
255 31
348 659
738 39
942 76
664 135
874 423
400 956
644 727
81 761
23 250
802 699
126 155
988 338
740 612
516 425
286 32
210 942
192 429
175 540
182 264
22 417
244 113
529 947
607 654
23 585
620 523
237 681
898 283
439 953
759 804
832 539
145 396
451 87
202 783
132 698
635 515
7 234
30 25
894 344
453 670
526 862
132 500
974 464
737 405
410 835
655 959
930 138
768 81
823 757
259 838
918 683
902 236
779 973
93 677
980 976
855 196
791 40
441 792
80 40
8 341
636 469
845 214
397 637
215 730
310 714
518 431
223 191
260 459
78 598
134 420
63 262
503 223
70 550
531 976
104 348
123 488
216 310
568 75
678 944
271 378
316 849
613 709
669 241
856 326
307 589
34 815
19 386
826 894
296 285
373 785
190 761
619 537
625 136
58 891
86 941
369 586
103 833
726 654
782 908
487 190
187 706
701 795
174 956
382 162
640 788
623 867
930 162
315 826
80 801
961 936
525 231
374 647
947 365
508 653
126 292
109 682
121 312
349 333
933 631
895 496
457 170
119 986
729 78
732 819
839 621
962 776
814 985
176 925
230 32
729 711
470 531
309 671
220 462
58 401
521 799
561 14
176 108
20 477
599 388
896 341
205 495
996 462
599 675
512 357
881 334
294 562
992 381
941 332
876 935
402 644
24 174
100 505
219 934
301 702
556 804
843 595
111 219
59 628
688 324
670 180
525 879
677 541
852 309
612 483
635 834
418 317
583 546
413 294
930 368
859 282
582 234
539 664
646 348
26 893
8 448
762 579
839 327
666 814
17 662
950 998
756 817
834 71
963 633
960 527
14 69
472 188
769 976
938 953
302 448
935 67
251 296
695 967
592 300
425 923
777 334
753 165
130 935
624 925
965 184
652 874
766 967
108 261
574 85
991 338
471 917
700 416
961 948
568 530
142 60
454 331
280 602
188 867
192 358
301 60
13 328
732 864
163 423
845 703
404 955
171 976
443 151
707 674
120 8
619 478
656 100
128 909
629 137
7 511
393 575
875 761
25 164
387 973
427 776
854 913
176 8
985 806
413 853
82 350
214 419
822 34
203 702
275 285
614 79
298 646
836 410
747 737
272 793
256 190
792 96
774 80
7 835
673 803
196 762
915 858
493 186
877 733
617 158
990 495
314 134
873 949
837 786
185 347
246 316
1000 304
345 29
199 142
648 812
80 286
145 55
283 211
255 695
806 13
365 307
984 243
456 908
844 295
991 400
939 637
333 806
282 776
464 923
678 218
827 764
45 599
687 88
246 248
731 968
334 966
225 44
995 512
799 400
953 800
276 219
311 218
704 190
153 168
727 722
947 466
590 606
718 403
774 609
892 640
341 900
870 73
563 531
845 901
208 470
764 938
637 404
105 227
381 342
54 164
64 840
785 936
475 782
350 686
976 233
370 88
885 855
708 816
950 285
367 901
171 166
281 795
293 360
864 700
77 641
85 150
213 65
991 214
133 256
28 122
92 805
765 351
903 897
189 41
66 852
506 159
248 353
236 4
700 667
113 471
897 591
634 147
942 712
141 23
92 587
787 989
936 481
938 659
779 925
338 455
29 361
247 565
909 18
986 647
491 239
554 963
918 288
757 248
633 970
322 799
452 722
697 880
348 771
884 524
478 394
382 230
384 449
165 580
24 616
41 974
116 406
723 166
279 476
379 876
569 780
723 240
662 7
266 892
339 286
582 302
845 984
439 779
850 110
867 852
525 646
858 613
162 428
309 299
257 384
703 607
33 697
15 633
533 252
629 59
722 199
261 473
85 645
910 974
626 939
627 126
918 569
206 895
209 169
500 600
273 166
42 347
254 730
617 342
925 53
87 302
256 388
269 530
612 95
696 304
194 80
892 191
158 748
203 130
42 12
782 192
276 498
364 919
900 139
781 518
8 3
579 972
449 183
250 702
515 741
331 260
636 178
562 696
776 358
335 453
16 427
363 4
37 331
46 251
49 309
438 865
404 561
390 516
528 421
893 541
257 849
704 230
966 493
28 800
927 436
106 192
453 317
681 730
6 967
119 842
695 41
295 415
284 940
871 808
474 334
426 163
958 519
346 397
65 724
135 276
410 821
200 321
595 952
579 479
941 732
428 433
466 764
68 856
698 435
937 665
816 778
216 582
837 940
289 142
433 634
985 310
455 174
293 351
950 95
483 33
568 249
696 942
303 963
948 204
678 989
915 509
263 305
922 547
189 224
562 634
800 75
189 807
378 43
697 693
660 559
644 84
927 862
313 700
744 760
140 443
485 966
109 986
628 894
26 318
190 613
72 720
623 785
738 125
459 580
390 966
672 339
840 725
235 29
953 922
678 409
3 147
357 514
819 277
394 150
211 839
700 16
629 118
379 444
136 927
598 691
603 839
571 293
420 351
370 542
686 86
67 514
619 465
141 483
497 737
560 897
279 629
780 190
234 128
822 257
457 935
385 130
171 753
559 546
176 9
929 461
177 288
93 716
901 559
298 756
215 89
271 731
37 901
206 772
993 679
154 739
708 78
363 951
327 528
272 794
223 579
6 495
544 962
906 41
674 93
739 758
490 376
682 944
669 214
82 528
284 372
244 802
713 690
990 626
95 810
96 668
354 496
280 467
467 723
638 628
859 377
237 69
75 310
826 610
739 799
901 116
833 326
27 395
377 706
18 202
297 446
480 936
283 210
375 328
912 738
549 659
201 637
844 465
916 966
442 881
632 907
174 54
657 818
396 468
550 406
134 937
605 446
843 361
549 665
735 815
648 361
102 408
139 622
726 550
679 852
502 739
685 407
232 769
693 956
877 640
442 292
996 835
120 950
747 243
657 271
26 368
453 356
607 519
165 560
775 827
617 515
615 56
762 476
853 899
693 862
822 370
59 898
262 293
449 802
999 302
419 961
713 129
258 427
537 115
150 430
135 446
817 163
471 603
322 83
110 418
864 130
464 240
318 751
907 446
357 75
661 131
475 912
793 315
557 306
318 382
814 611
525 980
570 207
755 201
756 694
958 942
315 952
962 309
502 634
217 762
34 768
971 545
261 23
601 540
947 520
341 793
184 92
792 283
276 948
392 947
356 378
465 291
228 316
302 543
180 191
656 84
327 56
372 227
796 449
526 238
708 757
142 247
277 852
776 109
743 705
230 924
766 802
307 421
424 391
117 262
923 127
118 97
389 695
925 517
503 569
987 409
454 103
922 829
960 504
670 875
140 210
801 648
538 461
80 839
851 147
321 547
73 130
239 757
809 278
515 864
196 728
583 476
328 336
917 728
97 117
6 585
957 743
262 487
870 776
440 985
348 34
663 709
156 972
343 377
421 779
888 70
493 764
862 990
811 600
24 438
674 304
802 893
250 942
452 294
664 838
646 810
629 610
513 103
732 365
751 179
275 340
578 519
7 885
985 575
416 270
414 777
578 694
565 940
786 587
385 694
117 821
673 91
947 612
769 552
946 660
60 522
886 922
977 990
725 264
49 799
29 257
929 787
397 349
159 898
592 179
479 481
118 163
1000 664
221 682
8 147
982 651
514 645
438 725
754 490
5 714
580 902
619 936
472 367
335 426
406 422
559 100
905 581
728 32
801 660
904 387
679 655
444 348
743 344
13 465
162 525
434 870
827 773
230 574
795 291
634 505
373 339
330 422
480 7
598 775
413 557
369 349
461 865
918 570
710 860
487 717
698 892
400 727
827 80
665 109
258 685
138 471
983 877
920 349
594 76
444 887
727 360
214 389
360 505
986 341
989 606
918 730
99 596
228 176
484 26
911 263
474 16
204 393
519 194
134 356
561 968
928 437
855 234
582 870
826 476
968 549
933 573
626 1
534 884
773 196
695 319
856 518
468 724
624 546
824 100
492 178
186 849
977 570
283 756
283 201
946 523
786 224
545 783
363 308
574 146
601 16
625 587
503 624
835 902
421 429
499 901
444 510
395 590
378 778
182 650
490 509
705 355
796 862
430 68
947 218
398 742
2 215
820 821
975 232
101 699
482 943
176 718
585 870
128 609
625 613
109 652
165 650
633 114
424 314
823 341
681 676
809 511
900 962
137 838
379 791
766 385
236 928
496 829
595 27
963 479
267 84
824 887
998 116
721 657
349 752
758 596
875 648
162 469
751 277
970 620
812 127
614 55
48 468
693 396
220 754
594 451
298 644
124 406
968 788
313 379
556 11
149 427
298 791
321 478
391 100
646 28
354 542
263 612
765 268
713 689
308 115
972 938
976 45
823 148
191 262
194 102
503 16
450 924
837 784
402 27
630 549
598 23
284 27
485 694
616 226
725 448
109 155
347 810
114 755
596 595
1000 720
593 615
66 993
430 390
661 998
4 319
830 999
335 271
726 692
965 644
606 142
623 820
936 406
130 501
792 922
279 212
14 611
180 858
562 958
249 932
501 370
842 179
625 513
457 151
495 939
550 130
818 136
684 737
296 674
64 654
836 804
339 260
508 260
367 338
611 720
286 172
203 474
141 663
533 885
534 406
577 881
360 275
549 687
785 652
242 811
603 366
343 43
310 848
461 156
45 477
855 76
841 518
346 108
593 229
42 357
243 284
797 499
342 464
261 445
879 171
975 836
997 284
936 555
519 389
19 28
744 117
82 900
821 159
311 801
706 209
355 37
820 89
971 159
441 588
28 116
342 924
369 978
78 906
834 316
910 249
544 123
678 117
791 846
740 694
286 786
912 493
477 925
544 248
502 368
106 953
322 746
415 347
457 81
813 692
164 40
6 584
754 548
743 132
671 699
27 993
343 538
605 163
496 316
461 747
28 734
270 787
770 11
936 831
438 576
339 288
893 857
714 380
331 900
153 420
561 487
364 294
456 211
167 703
868 536
779 57
176 210
195 206
710 531
141 780
825 715
275 742
793 357
190 503
137 713
176 161
15 744
286 660
679 756
929 214
869 404
930 248
806 399
425 480
635 955
330 216
854 411
855 182
381 715
113 949
597 491
716 495
94 431
938 49
28 41
911 383
648 230
904 112
619 653
873 685
468 919
658 451
848 989
667 307
835 745
359 287
844 361
369 591
960 342
923 90
908 910
982 763
288 467
914 379
884 573
277 585
188 116
779 955
374 363
321 669
197 482
363 6
991 648
980 127
589 945
143 893
257 806
349 88
261 113
496 160
268 226
608 661
864 271
42 442
44 377
997 557
724 235
225 138
732 782
269 520
20 754
617 730
708 295
332 531
663 713
980 563
186 56
741 266
907 104
38 724
229 119
897 291
39 250
106 220
319 90
238 110
555 344
60 858
946 650
759 728
560 434
981 718
817 549
575 101
422 416
316 675
959 155
381 751
990 551
256 610
690 423
161 315
610 522
369 184
744 988
47 787
344 458
1 959
810 235
575 297
507 903
255 365
614 158
286 271
84 379
175 44
142 351
387 84
359 400
17 215
316 453
441 486
715 265
884 640
850 496
614 537
600 247
893 83
639 190
56 427
136 897
362 57
230 770
131 646
206 334
966 324
609 89
22 943
484 507
992 62
993 875
298 611
478 781
584 152
768 847
732 48
474 288
883 132
314 137
777 535
391 895
90 992
368 882
521 538
642 586
367 253
959 473
983 455
255 892
272 939
347 353
740 200
498 207
708 878
565 995
215 814
973 382
569 595
716 416
882 952
290 52
389 814
467 578
655 7
969 772
56 491
476 780
293 450
488 187
294 101
977 549
139 932
415 947
473 198
961 818
173 765
891 936
196 802
433 592
531 235
880 391
207 391
992 705
38 723
991 413
562 751
903 700
834 507
583 212
490 293
531 457
572 299
97 141
135 615
266 658
474 849
685 405
571 819
675 643
833 725
822 598
589 889
149 808
172 383
120 952
211 483
434 702
384 407
538 56
757 436
558 63
304 158
659 996
948 939
805 622
699 487
917 420
811 737
171 590
44 208
792 904
690 734
129 118
797 575
768 811
789 75
388 596
320 930
796 844
810 394
868 859
650 402
725 830
198 378
146 693
665 759
760 691
941 546
942 391
807 185
591 742
464 431
601 610
214 31
723 842
697 55
271 76
676 213
542 457
142 673
929 900
274 51
332 509
617 409
69 766
51 287
125 658
477 585
479 399
319 598
639 685
355 258
283 33
730 506
624 841
388 801
326 385
808 384
458 25
944 832
619 974
16 307
796 984
877 266
19 584
938 670
107 173
429 793
340 404
896 914
342 750
145 354
574 389
891 515
287 284
991 548
390 543
583 478
987 753
490 59
214 596
776 570
279 473
211 511
16 111
823 156
92 394
755 762
383 645
228 602
541 919
712 775
395 85
676 930
914 875
901 835
390 456
380 764
887 910
897 36
55 468
2 704
901 980
491 583
287 872
48 14
215 146
517 644
241 907
93 562
807 984
7 230
358 702
397 774
803 287
592 730
189 676
426 278
711 739
858 309
487 879
133 941
116 619
670 92
998 633
786 585
586 208
358 720
497 68
800 725
799 226
303 386
17 541
859 306
346 867
754 36
208 896
686 917
602 451
613 705
283 156
446 760
48 775
344 414
716 206
538 329
563 325
657 248
171 625
491 430
267 15
22 938
614 739
960 454
390 985
377 52
785 237
328 400
145 334
164 254
204 751
250 758
282 97
306 347
291 245
40 435
443 30
212 754
782 605
2 19
529 622
173 26
193 868
168 422
685 255
923 566
85 979
927 70
949 570
22 600
466 838
512 714
395 462
771 635
683 843
850 992
157 328
341 667
603 312
607 908
962 348
854 619
656 568
52 465
458 808
663 799
1000 171
873 163
324 749
736 32
225 864
551 239
863 681
728 75
648 982
705 539
816 668
857 448
180 83
593 462
276 622
330 980
15 131
593 351
702 75
322 367
485 737
89 8
115 136
522 676
946 408
433 555
736 844
146 208
443 638
445 452
467 372
378 921
910 182
972 587
916 771
544 813
460 647
404 108
92 526
149 561
97 864
562 298
729 363
736 537
516 335
939 832
687 166
948 690
326 890
11 263
567 829
897 721
36 187
681 682
115 746
310 441
131 534
64 723
769 503
598 912
788 668
220 430
383 546
846 398
427 780
954 672
992 430
634 991
673 965
216 920
712 61
917 210
161 154
807 263
739 725
11 440
820 946
472 544
481 790
501 731
52 328
105 438
15 449
808 873
769 741
367 978
795 613
427 345
879 133
574 963
8 480
708 525
530 285
144 736
67 796
218 93
560 721
636 255
527 120
235 702
773 984
388 378
579 905
363 783
485 918
14 468
233 511
936 378
131 152
960 352
805 834
583 70
666 702
559 169
463 196
467 129
841 396
17 178
883 777
754 643
3 99
757 121
227 513
740 135
804 407
698 766
364 414
461 628
79 901
226 475
687 186
746 642
528 337
20 285
505 272
396 481
514 284
862 308
314 886
366 229
175 519
183 656
552 486
515 250
664 544
795 267
371 232
762 475
174 325
547 301
841 968
914 772
989 192
917 419
665 186
791 462
319 473
908 362
675 113
509 59
118 429
223 32
232 448
485 50
451 126
508 373
823 974
664 877
3 733
140 546
987 193
627 102
936 641
642 559
772 898
204 380
65 514
262 868
319 925
911 377
454 764
591 737
80 65
378 426
252 455
72 836
679 66
136 194
55 853
4 985
42 20
9 933
137 248
804 848
341 120
605 987
345 125
882 812
985 13
136 399
196 775
939 599
161 972
473 850
84 385
844 327
615 516
248 590
4 285
978 608
544 250
265 975
529 106
213 897
896 915
142 391
867 412
899 409
663 80
22 88
505 573
616 811
257 103
34 317
89 941
931 57
917 741
884 932
461 745
723 170
651 441
727 754
249 823
171 665
309 533
837 409
707 638
908 447
640 613
185 904
138 290
756 209
149 45
206 54
979 882
104 600
48 774
15 980
237 676
110 466
491 700
657 872
50 534
172 17
337 148
125 47
401 817
110 445
534 291
771 687
189 954
391 838
711 845
124 361
987 45
823 835
402 669
755 57
24 87
759 577
564 593
964 299
508 127
842 843
38 904
521 418
206 754
435 564
507 433
808 914
842 986
937 562
305 393
265 77
329 770
682 774
789 546
599 335
51 461
365 213
423 692
226 893
192 693
265 303
618 967
252 713
15 223
769 975
130 631
977 620
212 441
891 994
583 1000
39 634
248 763
909 707
411 243
855 756
549 825
255 472
165 32
807 625
442 679
575 533
301 989
736 655
274 728
683 700
64 155
687 28
625 493
862 466
683 717
558 811
466 259
374 664
691 198
804 431
666 392
996 951
408 440
671 665
359 221
70 272
291 69
673 956
706 776
20 675
418 832
236 959
279 621
798 423
323 837
175 684
556 365
757 284
888 101
392 714
854 910
909 583
914 991
777 761
873 384
432 842
312 400
223 730
114 822
363 975
197 727
128 482
259 792
21 345
958 922
815 887
172 795
720 342
266 336
432 936
769 367
384 779
901 378
705 617
189 568
501 710
542 100
446 89
928 456
285 197
454 708
552 792
430 403
778 326
377 953
473 462
145 40
479 32
463 687
544 759
912 875
507 187
270 69
682 141
791 573
178 500
193 72
950 874
420 929
291 596
454 128
330 946
481 138
424 435
647 863
804 670
588 821
457 269
451 811
322 673
786 272
532 860
369 762
322 858
727 999
984 425
435 499
577 302
963 907
391 292
339 15
784 896
732 974
625 538
364 458
611 987
614 494
924 812
452 933
126 212
738 458
315 103
558 33
642 470
581 128
715 966
757 335
480 405
906 657
634 762
853 860
306 561
76 735
96 229
24 322
172 74
746 99
417 277
387 833
172 217
655 732
896 165
56 962
59 713
315 547
68 809
452 392
56 945
403 196
849 20
63 22
565 880
437 493
460 2
996 92
797 413
912 937
125 938
588 262
204 63
385 755
706 241
794 849
191 259
977 906
77 698
851 913
428 838
344 313
331 21
647 925
412 498
394 494
808 535
852 960
9 874
946 445
340 156
772 1
479 331
106 561
319 390
94 22
670 883
288 541
363 51
527 23
221 433
836 754
891 633
583 359
623 934
684 958
760 428
745 696
304 434
837 232
419 67
758 890
137 790
424 45
27 646
598 723
309 560
918 782
62 472
961 693
291 490
793 108
361 66
528 143
396 599
224 950
11 104
290 33
536 313
353 515
150 541
101 225
305 484
987 192
570 88
493 375
419 620
765 459
87 35
287 557
609 551
622 287
716 736
975 833
618 718
991 935
75 377
882 75
494 381
790 627
373 628
708 979
88 764
144 702
312 900
736 887
545 234
237 438
900 156
649 148
504 731
526 242
85 2
431 106
126 886
1 997
56 376
511 824
520 391
764 922
317 111
598 192
302 509
602 271
202 177
819 843
197 378
260 181
847 720
297 300
9 608
450 267
40 74
738 33
761 128
889 443
373 202
727 943
417 800
288 680
595 265
999 27
140 278
951 340
149 842
192 419
582 144
395 198
567 868
469 825
681 737
704 270
124 533
505 525
749 786
555 693
572 369
322 650
46 668
653 460
811 604
814 673
351 833
512 558
917 997
850 909
963 182
68 978
324 356
612 663
971 580
656 621
474 56
901 261
636 380
926 232
472 537
471 725
418 451
275 54
428 744
694 759
96 856
111 228
125 707
308 421
860 666
901 72
117 595
136 78
434 335
949 348
26 204
995 50
193 28
446 766
857 53
531 180
625 49
56 276
482 50
709 913
302 281
984 176
549 824
507 621
420 876
641 237
936 450
130 265
120 677
839 816
914 393
398 526
58 733
373 174
835 921
784 933
72 919
616 814
552 129
201 117
75 540
884 734
409 96
68 483
13 350
396 426
932 116
664 746
611 527
556 479
131 572
393 517
486 176
628 505
901 933
886 340
858 578
395 448
43 466
851 459
155 265
380 881
868 654
826 588
335 715
814 90
177 537
423 71
885 665
815 886
247 368
218 118
181 98
220 520
940 273
483 326
266 288
711 598
693 199
454 709
881 367
589 54
422 423
260 262
9 2
816 670
963 833
213 290
820 254
233 572
198 574
273 661
844 196
242 306
905 88
389 823
707 324
597 592
234 926
666 791
121 463
263 947
532 392
311 667
238 937
169 230
244 686
939 390
484 553
35 717
911 884
832 465
351 795
967 445
274 682
916 781
821 648
951 585
403 803
714 255
400 886
605 700
72 947
951 367
25 483
957 698
710 914
883 506
136 787
344 431
537 489
738 442
421 894
63 605
559 696
393 545
690 313
908 320
631 81
91 268
412 294
404 167
978 252
176 14
929 448
309 366
673 987
450 468
125 214
702 606
760 811
870 272
457 609
362 523
829 841
665 280
786 636
834 784
893 307
381 543
567 94
617 273
838 955
710 510
109 117
437 181
113 114
973 460
776 944
540 721
27 398
337 618
394 755
783 127
713 919
18 199
437 575
357 35
428 982
43 61
951 798
830 770
320 941
468 970
929 584
288 304
992 708
807 683
921 712
539 226
374 436
800 219
710 306
752 196
36 773
398 932
420 164
633 839
849 989
979 431
987 203
131 952
192 186
467 112
305 893
892 791
435 462
348 821
412 708
426 987
730 581
814 206
34 92
111 534
790 183
13 358
804 119
220 110
39 284
847 51
741 540
98 526
119 920
210 84
993 283
287 1000
608 975
205 335
791 456
23 546
176 91
215 282
971 920
140 289
935 573
112 781
902 334
211 691
620 854
993 997
943 253
725 842
750 759
486 635
831 338
281 594
101 113
394 339
842 853
111 168
976 239
30 454
363 807
661 352
898 882
773 358
795 136
388 772
371 580
355 843
302 838
561 899
275 138
259 625
817 755
982 23
530 492
35 982
159 772
950 561
310 656
739 830
665 903
262 535
801 327
271 367
645 94
84 931
29 808
429 739
18 954
238 609
166 194
852 997
818 661
75 589
268 694
325 931
93 391
131 246
634 157
999 935
236 401
503 396
917 912
19 589
719 484
478 338
834 474
174 939
586 363
805 203
863 515
95 495
226 266
891 516
875 123
527 259
804 437
272 110
849 868
277 275
103 33
361 642
514 254
879 960
738 256
136 860
641 737
384 497
828 369
465 381
746 902
340 587
456 72
83 317
721 588
560 846
888 224
124 645
21 97
414 136
813 133
266 88
272 697
807 491
189 816
560 172
542 876
363 997
548 453
896 110
552 512
765 494
556 975
595 429
694 837
826 453
898 854
973 178
223 279
299 463
800 744
178 660
161 418
240 421
96 857
866 658
997 397
820 138
695 730
773 124
446 364
967 186
308 341
271 323
994 642
41 438
994 372
522 655
484 566
574 867
142 212
838 574
355 291
123 719
17 94
607 113
682 344
606 163
425 817
923 94
672 478
395 601
951 612
692 77
494 965
903 641
689 573
546 926
246 336
913 949
219 682
344 669
702 25
839 37
876 308
589 941
550 701
923 493
746 728
748 382
804 56
679 1000
222 621
840 492
309 631
917 360
573 470
41 701
225 328
745 401
818 551
612 967
59 961
228 968
479 672
211 762
528 200
59 830
462 297
641 24
897 182
96 471
590 37
976 905
261 295
264 533
797 661
979 622
640 208
882 351
423 761
733 596
171 87
122 523
499 830
102 557
106 667
643 817
39 468
741 202
372 867
597 185
862 919
214 90
566 495
623 234
200 692
682 248
4 780
8 455
192 612
742 748
639 768
674 900
337 767
556 608
99 23
890 502
29 480
342 873
209 867
588 81
79 622
460 476
541 325
411 32
32 187
160 480
179 60
113 256
313 710
830 893
212 444
140 433
127 291
572 428
630 158
942 266
361 943
143 959
350 337
136 679
83 684
839 791
474 889
36 960
398 747
148 762
538 270
611 844
136 566
535 111
6 635
170 797
615 957
780 86
75 288
412 882
676 7
469 783
71 719
534 173
136 788
121 314
713 30
658 649
842 378
132 948
426 681
903 169
262 307
390 260
410 462
598 919
872 263
510 343
168 532
832 555
431 841
107 537
654 361
171 459
276 90
297 961
814 734
546 328
985 856
604 246
552 585
71 489
114 217
501 823
941 570
284 707
312 760
38 982
795 713
668 633
303 470
345 324
147 58
578 362
299 279
800 784
484 793
859 383
455 136
332 469
506 416
517 92
218 284
530 708
423 639
743 842
835 391
269 341
588 117
682 510
719 32
149 835
830 142
668 61
796 106
316 720
196 814
674 650
205 236
777 834
678 66
865 585
203 430
176 998
715 629
616 389
247 953
456 514
95 96
723 964
998 512
932 841
191 935
466 457
304 436
73 121
241 975
386 134
922 116
134 511
233 355
947 475
951 918
805 921
713 224
796 716
525 266
58 665
534 56
666 224
336 515
603 583
110 565
491 725
873 666
738 718
557 10
336 658
710 552
343 433
825 690
823 971
479 529
537 639
889 571
29 834
390 693
765 88
986 359
942 134
592 754
42 735
24 126
337 905
814 613
694 975
656 27
879 65
864 998
703 919
426 193
9 383
356 2
33 97
192 385
972 884
648 514
96 719
649 303
389 108
797 127
601 614
907 739
765 299
398 474
716 369
19 35
863 738
227 245
212 560
527 443
894 992
534 817
288 916
132 145
815 508
142 78
442 940
621 477
722 832
531 154
127 389
143 672
562 173
153 672
264 327
191 660
602 269
216 64
288 349
880 423
277 719
264 470
545 955
861 897
365 562
205 672
350 414
351 995
796 876
445 378
608 543
408 607
904 612
961 629
680 11
531 280
850 327
300 804
656 20
567 870
589 746
854 872
131 706
903 352
707 611
653 377
789 137
372 313
447 309
339 404
966 531
698 213
76 737
936 578
741 273
29 693
11 150
875 599
174 954
976 942
357 105
964 135
90 820
57 421
848 360
132 561
115 114
977 20
925 654
341 997
31 739
660 111
132 448
834 806
104 23
635 469
570 860
219 358
76 165
683 471
460 68
302 867
143 360
94 513
781 719
639 879
477 775
826 548
313 463
781 544
958 576
782 203
485 119
329 609
57 978
39 742
498 580
706 417
763 48
796 157
549 808
911 786
860 954
353 468
578 231
706 464
246 25
654 48
930 808
754 484
866 170
937 222
568 288
109 896
176 585
265 1000
110 966
951 660
809 235
974 559
792 983
26 199
762 205
770 198
723 218
473 971
605 130
827 136
248 41
262 986
231 992
345 589
155 188
851 239
889 800
376 205
858 721
620 976
364 305
625 814
42 994
576 342
542 943
215 221
327 775
183 355
738 758
977 342
870 411
428 138
232 283
247 521
72 420
632 220
775 172
930 55
803 319
181 255
702 563
833 672
880 186
